
image_width: 1280
image_height: 960
camera_name: markers_camera
camera_matrix:
  rows: 3
  cols: 3
  data: [ 1420.0568354701786, 0., 699.85972044736457, 0., 1414.2427490107407, 494.12394502459085, 0., 0., 1. ]
distortion_model: plumb_bob
distortion_coefficients:
  rows: 1
  cols: 5
  data: [ -0.01628763738312607, 0.052686346606277856, -0.00055659943977341296, 0.0067506689130974965, -0.23318784705171186 ]
rectification_matrix:
  rows: 3
  cols: 3
  data: [1.0, 0.0, 0.0, 0.0, 1.0, 0.0, 0.0, 0.0, 1.0]
projection_matrix:
  rows: 3
  cols: 4
  data:  [1.0, 0.0, 0.0, 0.0, 1.0, 0.0, 0.0, 0.0, 1.0, 0.0, 1.0, 0.0]