
image_width: 1280
image_height: 960
camera_name: markers_camera
camera_matrix:
  rows: 3
  cols: 3
  data: [ 1430.8220587685742, 0., 650.4377790331539, 0.,
       1427.3106583060301, 510.52707357298232, 0., 0., 1. ]
distortion_model: plumb_bob
distortion_coefficients:
  rows: 1
  cols: 5
  data: [ -0.03257408433681392, 0.30101841699786225,
       0.002964912986639423, -0.0011351546553903969,
       -0.80470209226909761 ]
rectification_matrix:
  rows: 3
  cols: 3
  data: [1.0, 0.0, 0.0, 0.0, 1.0, 0.0, 0.0, 0.0, 1.0]
projection_matrix:
  rows: 3
  cols: 4
  data:  [1.0, 0.0, 0.0, 0.0, 1.0, 0.0, 0.0, 0.0, 1.0, 0.0, 1.0, 0.0]