
image_width: 1280
image_height: 960
camera_name: markers_camera
camera_matrix:
  rows: 3
  cols: 3
  data: [ 1430., 0., 650., 0., 1430., 480., 0., 0., 1. ]
distortion_model: plumb_bob
distortion_coefficients:
  rows: 1
  cols: 5
  data: [ 0.22126596575551452, 
              -0.86421219702580887,
              0.000220793223656266, 
              -0.0061420738081832361, 
              0.96995929049008522 ]
rectification_matrix:
  rows: 3
  cols: 3
  data: [1.0, 0.0, 0.0, 0.0, 1.0, 0.0, 0.0, 0.0, 1.0]
projection_matrix:
  rows: 3
  cols: 4
  data:  [1.0, 0.0, 0.0, 0.0, 1.0, 0.0, 0.0, 0.0, 1.0, 0.0, 1.0, 0.0]