
K: !!opencv-matrix
   rows: 3
   cols: 3
   dt: d
   data: [ 818.84969068912301, 0., 323.60431160857354, 0.,
       817.80600966254758, 249.52519704664763, 0., 0., 1. ]
D: !!opencv-matrix
   rows: 1
   cols: 5
   dt: d
   data: [ -0.11951213511222493, 1.3325193226947083,
       0.0012794955574293634, -0.00081011144713774867,
       -4.7873354586767647 ]
