
K: !!opencv-matrix
   rows: 3
   cols: 3
   dt: d
   data: [ 1420.0568354701786, 0., 699.85972044736457, 0.,
       1414.2427490107407, 494.12394502459085, 0., 0., 1. ]
D: !!opencv-matrix
   rows: 1
   cols: 5
   dt: d
   data: [ -0.01628763738312607, 0.052686346606277856,
       -0.00055659943977341296, 0.0067506689130974965,
       -0.23318784705171186 ]
